503
67
842
643
240
543
432
570
168
196
423
575
1149
1256
1148
49
899
115
1134
1111
78
471
237
289
316
941
43
1043
65
309
818
887
1048
892
823
1323
1031
365
551
1277
756
265
596
231
1289
970
277
297
1027
873
785
693
1252
553
218
578
346
184
1312
51
1253
1113
965
862
802
32
617
477
411
926
275
649
549
344
76
605
259
1361
1070
367
737
1092
754
270
634
233
63
175
413
247
435
163
44
1315
1073
527
720
588
901
486
1243
192
1114
665
807
296
573
1185
101
428
774
1282
522
312
704
953
718
678
839
1318
1364
1198
700
628
528
934
1235
1055
481
1350
208
1248
809
811
514
925
306
994
58
254
1304
23
107
780
1174
945
727
869
342
1178
846
1124
943
942
1049
1085
952
1158
81
529
1075
1358
599
506
1175
661
1023
1040
783
810
552
497
770
583
939
581
1024
198
654
1365
874
630
721
594
380
893
538
990
1254
650
1181
597
56
1080
458
1032
1268
439
636
548
86
123
1306
410
590
1359
1106
1362
631
914
425
724
128
433
1217
239
622
113
948
1166
174
322
1328
244
1083
1201
966
1199
29
220
1285
940
427
1101
31
494
210
889
989
1347
817
221
629
1214
394
70
937
624
993
261
