8161
11065
3307
744
6351
3509
8531
10878
4716
7347
9185
10446
1512
10862
9967
5169
11775
3204
6459
2310
2536
6932
19
9201
6161
10083
11734
7820
7310
3946
5106
613
5032
8405
1408
3693
3928
4397
1010
5289
2201
9674
11695
3706
4629
6954
6508
850
10926
9157
11654
6935
1418
3746
10830
1432
1022
647
5735
1142
6326
8572
11507
1950
3247
1747
533
3616
5601
4205
7861
3838
10551
970
6639
10507
11196
9915
11352
4587
8802
8248
149
1650
5608
8805
9156
1275
7799
6041
396
4981
3858
8723
10153
5632
5391
5071
11723
10621
9426
8933
4718
6275
4084
3413
1323
3852
2232
8115
10063
6911
5114
4253
3316
4672
3984
6118
11541
7664
5579
9774
8713
4111
10635
8854
7286
7328
8076
9045
6641
6181
2807
10075
8607
6661
8779
6200
5389
2759
3593
10000
5731
6624
10963
2922
11159
10974
2328
9283
101
8268
2455
900
3782
6333
8430
4412
6291
7001
2039
862
4442
99
5559
385
429
1643
2715
5397
5773
7387
5377
8971
2909
6131
8536
9825
3635
4643
1662
5504
6255
10020
1670
483
6385
119
4600
3989
2771
7584
11468
11478
10166
5577
3461
2231
5204
8468
10274
10799
9773
3488
8593
5272
10655
3658
9868
914
1068
7073
2439
10954
6883
10189
2531
3068
5271
11514
4271
5030
6753
4047
10407
6768
1355
7066
4708
6086
2777
2034
3910
461
1470
4747
5990
2407
6975
3038
7930
3724
8524
304
2818
8064
10493
4099
5396
200
