139
864
291
1242
599
1236
598
416
314
1264
170
408
1228
2126
102
1553
1656
727
602
3038
642
1582
479
3016
2411
2815
2676
2909
2933
1502
1221
257
1093
2757
2605
2666
17
2451
2992
2292
192
572
2009
596
2229
2375
1133
1392
2037
1966
1749
1677
1211
805
2250
637
211
538
410
2874
1954
251
1777
2527
1032
990
214
3008
2684
2251
1992
134
2898
1094
1657
2031
2195
2249
2023
1011
44
2968
1911
2756
962
2488
1569
254
554
1623
1006
2260
1313
999
203
2154
299
2903
3026
2425
1602
1436
2873
2364
2570
2259
194
2119
2497
3045
1159
1965
2510
2181
2577
463
332
2846
2931
2810
2885
952
368
52
929
450
1565
51
1431
63
2417
256
2764
926
612
240
1557
1727
1302
270
70
2281
528
1100
889
840
2610
801
2213
2505
2708
1611
507
2867
2057
879
298
457
2378
178
1146
432
691
1195
1216
812
1666
76
438
430
1494
144
2855
45
2840
354
2979
3152
1298
2972
152
2543
1074
3017
1263
0
506
3114
937
2825
1108
322
1860
1533
1808
1474
32
218
2560
14
93
239
2880
1518
705
149
2713
2553
2978
184
3014
321
578
1896
485
2986
1979
2010
621
1747
1376
1404
610
1235
2736
1748
605
1377
346
289
3046
3149
2580
2636
1902
2706
1161
174
1402
2258
120
1803
2862
1593
1880
2910
229
1952
2274
3105
