8156
8988
11253
744
8372
10452
3669
4127
11287
11420
5411
6208
1512
6867
10928
9632
11774
4740
5553
10666
9199
9553
19
6167
3547
8585
2932
8951
8765
4442
2360
613
5221
8836
1408
3971
10292
7281
1010
5641
11513
10547
9103
10795
5146
8500
10536
850
3372
5379
11741
6931
1418
3745
10829
1432
1022
647
5731
1142
6322
5890
5292
9368
2319
1747
533
3615
5932
11271
7856
3499
8559
970
10379
3994
4580
5397
7185
8852
6601
8545
149
1650
6412
8370
6407
1275
11485
4901
396
6847
3857
8462
7808
2288
8327
6282
4747
7562
3852
3827
6438
6271
4083
9642
1323
4872
2231
11136
10107
3219
2751
5363
5322
4303
9350
3116
8814
8451
7132
9334
8104
4110
6713
9402
7282
3448
7962
3508
6637
6177
8351
9536
9336
7216
5652
6849
8879
4828
7998
7053
5727
2174
3027
8343
10018
9257
7039
3919
101
8267
8719
900
3781
5860
9597
7148
8909
4299
5756
862
3131
99
6106
385
429
1643
2714
9997
5769
7383
6504
9022
6398
7816
8695
11565
4513
11471
1662
6690
10859
6562
1670
483
11517
119
10549
6884
10270
5211
11291
5414
5508
7191
10080
7781
5202
10356
9899
10798
9143
3487
9423
5270
6459
4782
5963
914
1068
8805
8140
2216
7499
6545
3111
7750
8918
2412
4845
11701
7582
4046
4786
8715
1355
9941
9675
7887
7853
3780
11650
461
1470
2109
3425
2406
8606
3037
4192
6435
3065
304
7696
2184
7615
7733
8568
200
