2536
1210
7782
9493
4901
10200
9289
11525
8170
8021
7171
8278
5804
9438
2337
9566
8408
2715
1825
10768
8629
6298
4110
4923
11081
4771
6669
5199
11206
538
4089
11102
10648
5825
3098
2422
5908
2692
4170
5046
8698
2982
11298
10126
10129
6649
5597
5100
8854
3698
11400
6559
12080
3160
5620
3035
5118
12190
2392
7653
12215
5547
3834
3424
6897
1683
10881
6618
1483
3995
357
4192
3909
8776
4353
2517
2231
3785
11270
7894
10543
2543
5767
2154
9210
7413
3045
1743
6011
379
10829
2252
7065
10872
4303
450
3975
5281
3288
4024
