2696
1756
2528
194
240
2788
2007
2028
1874
1910
2566
2591
535
2977
457
266
2969
102
1640
2111
2389
1427
1618
2813
270
2387
568
1110
298
582
3010
2468
2991
2114
184
1242
1432
411
139
2738
1690
1226
246
2883
691
1694
2844
2424
1273
370
1078
1915
63
572
1952
2677
1791
2930
354
1553
1779
1055
794
51
567
2319
343
44
1713
2880
506
203
1453
2289
1316
254
2609
1187
188
554
2590
1818
642
2691
564
847
134
2477
1776
2079
2707
2833
2240
2849
1721
2209
678
555
1263
3041
932
52
2362
2183
1071
2861
174
479
2951
432
1032
1127
2654
178
2174
1613
0
2657
810
2032
2535
218
565
346
332
2375
251
144
2728
2618
32
2483
14
93
149
1345
486
257
1497
862
256
1575
1425
2597
2157
192
978
2655
527
1149
772
2095
685
2513
2768
1053
2891
1317
2775
1839
322
2043
1918
2828
1833
1213
2732
879
2766
1244
1146
601
2903
1351
1094
314
3029
756
1950
1992
1671
471
45
2185
2023
2263
2373
581
798
1057
1271
2594
1075
2929
736
2822
2216
368
1582
1748
1236
2399
1845
1123
1967
2341
741
1743
839
485
1378
211
450
926
1656
1103
175
2531
2763
449
511
1350
1352
2127
2116
2421
695
2581
2958
1921
1344
1376
196
1929
170
1268
2847
88
1272
900
881
2218
2684
2472
2461
1835
1637
3027
759
651
