8156
8988
11253
744
8372
10452
3669
4127
11287
11420
5411
6208
1512
6867
10928
9632
11774
4740
5553
10666
9199
9553
19
6167
3547
8585
2932
8951
8765
4442
2360
613
5221
8836
1408
3971
10292
7281
1010
5641
11513
10547
9103
10795
5146
8500
10536
850
3372
5379
11741
6931
1418
3745
10829
1432
1022
647
5731
1142
6322
5890
5292
9368
2319
1747
533
3615
5932
11271
7856
3499
8559
970
10379
3994
4580
5397
7185
8852
6601
8545
149
1650
6412
8370
6407
1275
11485
4901
396
6847
3857
8462
7808
2288
8327
6282
4747
7562
