158
450
55
247
70
375
381
81
515
144
218
76
338
199
137
163
132
10
78
310
238
165
6
177
261
167
319
439
86
407
265
482
365
73
545
509
30
211
264
84
552
39
528
220
2
140
539
210
145
274
479
503
448
524
519
489
533
235
228
290
486
395
298
83
227
543
172
117
72
299
320
79
9
109
257
405
101
518
90
82
234
131
209
77
411
506
480
318
280
176
75
231
472
250
68
342
63
369
485
104
88
322
349
33
553
505
0
11
373
22
380
329
182
89
185
148
204
550
153
277
184
18
249
494
428
192
222
15
478
54
370
46
93
410
245
325
556
433
376
393
555
357
340
302
465
69
284
155
188
403
149
124
404
493
244
368
532
383
516
511
394
271
141
408
386
456
19
446
56
441
291
390
316
452
500
208
25
382
457
444
42
424
255
195
331
328
154
126
297
537
174
31
113
530
173
272
321
57
278
24
17
307
66
473
286
490
275
462
464
94
180
414
92
23
287
492
268
5
116
45
248
333
388
16
48
354
422
3
468
431
60
196
544
536
110
377
311
29
520
225
514
26
7
181
50
108
229
37
157
237
