8161
11065
3307
744
6351
3509
8531
10878
4716
7347
9185
10446
1512
10862
9967
5169
11775
3204
6459
2310
2536
6932
19
9201
6161
10083
11734
7820
7310
3946
5106
613
5032
8405
1408
3693
3928
4397
1010
5289
2201
9674
11695
3706
4629
6954
6508
850
10926
9157
11654
6935
1418
3746
10830
1432
1022
647
5735
1142
6326
8572
11507
1950
3247
1747
533
3616
5601
4205
7861
3838
10551
970
6639
10507
11196
9915
11352
4587
8802
8248
149
1650
5608
8805
9156
1275
7799
6041
396
4981
3858
8723
10153
5632
5391
5071
11723
10621
