158
451
55
247
70
376
382
81
516
144
218
76
375
199
137
163
132
10
78
311
238
165
6
177
261
167
320
440
86
408
265
522
469
73
546
444
30
211
264
84
553
39
529
220
2
140
477
210
145
274
480
524
449
525
520
402
460
235
228
290
487
396
299
83
227
544
172
117
72
547
321
79
9
109
257
431
101
519
90
82
234
131
209
77
393
507
304
319
280
176
75
231
473
250
68
453
63
370
486
104
88
323
482
33
554
380
0
11
374
22
381
373
182
89
185
148
204
551
153
277
184
18
249
495
429
192
222
15
550
54
348
46
93
411
245
497
557
485
377
394
328
362
341
481
410
69
284
155
188
517
149
124
405
494
244
369
352
384
316
512
395
271
141
318
399
457
19
412
56
442
291
447
346
456
501
208
25
383
301
502
42
360
255
195
332
329
154
126
298
386
174
31
113
531
173
272
322
57
278
24
17
542
66
530
286
540
275
463
465
94
180
398
92
23
287
310
268
5
116
45
248
334
436
16
48
355
423
3
367
432
60
196
331
537
110
528
312
29
521
225
515
26
7
181
50
108
229
37
157
237
