2536
1210
7782
9493
4901
10200
9289
11525
8170
8021
7171
8278
5804
9438
2337
9566
8408
2715
1825
10768
8629
6298
4110
4923
11081
4771
6669
5199
11206
538
4089
11102
10648
5825
3098
2422
5908
2692
4170
5046
8698
2982
11298
10126
10129
6649
5597
5100
8854
3698
11400
6559
12080
3160
5620
3035
5118
12190
2392
7653
12215
5547
3834
3424
6897
1683
10881
6618
1483
3995
357
4192
3909
8776
4353
2517
2231
3785
11270
7894
10543
2543
5767
2154
9210
7413
3045
1743
6011
379
10829
2252
7065
10872
4303
450
3975
5281
3288
4024
3573
4026
1358
2009
2495
10389
8481
5580
9414
2227
3118
473
10574
3006
3671
5582
6561
12084
3658
11205
2856
9968
9088
8390
5202
10141
12113
2629
5682
9381
11604
7932
247
6560
1941
3455
218
3353
6872
7690
4333
11260
9613
11094
3279
2527
3238
3941
11042
10356
11586
11100
6914
9747
7501
2325
7975
1739
10336
6790
8764
200
10351
11802
2540
5147
11797
4630
1621
3994
5814
613
7757
9659
2929
2388
5961
2559
4532
3800
10600
4982
9037
5235
3717
8468
102
5065
4281
4489
533
4411
8849
5853
3501
11203
747
11348
10528
3422
3222
2250
6791
304
4459
2316
2290
6630
6724
3082
4688
135
9814
9220
4245
2389
3777
360
9790
9716
3065
2688
7824
8926
4663
5967
7116
4073
1208
7592
11236
2184
10790
12231
1981
11901
1153
10960
10341
10548
1217
9583
6037
927
2012
11660
396
3059
149
8388
